0.00 4645.30 5948.07 2440.00 4419.16 1932.93 10050.30 6197.78 8998.04 8782.31 7387.53 6909.64 8251.67 5212.31 4709.89 6995.65 3379.85 6343.85 8355.42 5420.41 4645.30 0.00 8452.49 7026.14 4713.57 5054.64 7907.47 6684.77 7333.20 9224.08 7464.07 4681.67 9511.84 772.62 4010.60 7177.70 6271.92 9253.19 9559.32 8795.43 5948.07 8452.49 0.00 5145.13 4025.57 4104.72 8258.56 3215.19 6986.67 4204.17 3981.94 6748.68 2911.01 8505.09 4997.22 3727.27 2583.27 1004.33 3045.49 1705.35 2440.00 7026.14 5145.13 0.00 5467.25 2652.39 11280.50 6653.51 10099.56 8866.41 7849.67 8459.63 7925.20 7533.47 6111.63 7464.98 3135.01 5151.96 8050.37 3990.17 4419.16 4713.57 4025.57 5467.25 0.00 2863.70 5819.13 2087.17 4668.84 4769.18 3133.08 3156.05 4818.97 4611.47 985.12 2766.49 2783.49 4964.53 4875.44 4923.72 1932.93 5054.64 4104.72 2652.39 2863.70 0.00 8678.95 4374.45 7530.96 6889.66 5582.30 5807.41 6318.75 5387.01 3459.45 5188.23 1526.08 4627.86 6422.71 3889.85 10050.30 7907.47 8258.56 11280.50 5819.13 8678.95 0.00 5115.19 1275.51 5090.12 4312.45 3327.63 6574.85 7254.37 5341.27 4532.48 8384.45 9222.15 6496.94 9802.39 6197.78 6684.77 3215.19 6653.51 2087.17 4374.45 5115.19 0.00 3840.70 2690.28 1211.02 3696.95 2861.69 6470.80 2680.87 818.33 3539.03 4212.39 2894.32 4690.15 8998.04 7333.20 6986.67 10099.56 4668.84 7530.96 1275.51 3840.70 0.00 4016.63 3059.60 2653.05 5418.62 6753.48 4307.05 3263.32 7152.65 7954.29 5351.41 8526.97 8782.31 9224.08 4204.17 8866.41 4769.18 6889.66 5090.12 2690.28 4016.63 0.00 1766.41 5405.31 1605.88 8915.33 5234.25 2052.14 5763.97 4937.36 1496.37 5908.14 7387.53 7464.07 3981.94 7849.67 3133.08 5582.30 4312.45 1211.02 3059.60 1766.41 0.00 3761.40 2582.30 7148.92 3492.11 394.07 4723.20 4922.79 2556.22 5599.68 6909.64 4681.67 6748.68 8459.63 3156.05 5807.41 3327.63 3696.95 2653.05 5405.31 3761.40 0.00 6311.02 4104.95 2351.82 3670.41 5939.42 7748.86 6299.44 7944.04 8251.67 9511.84 2911.01 7925.20 4818.97 6318.75 6574.85 2861.69 5418.62 1605.88 2582.30 6311.02 0.00 9327.20 5530.65 2642.21 4976.57 3480.62 136.39 4561.20 5212.31 772.62 8505.09 7533.47 4611.47 5387.01 7254.37 6470.80 6753.48 8915.33 7148.92 4104.95 9327.20 0.00 3797.67 6890.80 6479.49 9355.22 9364.40 8993.22 4709.89 4010.60 4997.22 6111.63 985.12 3459.45 5341.27 2680.87 4307.05 5234.25 3492.11 2351.82 5530.65 3797.67 0.00 3182.21 3676.43 5945.13 5570.15 5900.51 6995.65 7177.70 3727.27 7464.98 2766.49 5188.23 4532.48 818.33 3263.32 2052.14 394.07 3670.41 2642.21 6890.80 3182.21 0.00 4342.58 4690.97 2636.31 5308.52 3379.85 6271.92 2583.27 3135.01 2783.49 1526.08 8384.45 3539.03 7152.65 5763.97 4723.20 5939.42 4976.57 6479.49 3676.43 4342.58 0.00 3122.50 5091.10 2523.65 6343.85 9253.19 1004.33 5151.96 4964.53 4627.86 9222.15 4212.39 7954.29 4937.36 4922.79 7748.86 3480.62 9355.22 5945.13 4690.97 3122.50 0.00 3616.47 1220.40 8355.42 9559.32 3045.49 8050.37 4875.44 6422.71 6496.94 2894.32 5351.41 1496.37 2556.22 6299.44 136.39 9364.40 5570.15 2636.31 5091.10 3616.47 0.00 4697.40 5420.41 8795.43 1705.35 3990.17 4923.72 3889.85 9802.39 4690.15 8526.97 5908.14 5599.68 7944.04 4561.20 8993.22 5900.51 5308.52 2523.65 1220.40 4697.40 0.00 
