0.00 8992.15 4391.97 8480.02 5592.39 8143.55 6372.97 8167.27 4501.41 6171.38 8118.47 7372.44 5319.31 5116.31 6525.53 8304.65 4186.54 7410.82 6117.24 7262.03 6158.93 10498.88 7472.65 8228.33 7381.12 501.23 5237.34 3069.96 7914.93 7843.19 7975.28 6789.97 5828.25 5785.75 6349.13 4671.25 8805.09 8006.66 3835.40 7802.55 7619.93 4929.62 7249.85 2759.24 7213.76 4327.59 8232.38 1961.00 1356.07 3122.39 6907.80 7483.88 9592.62 7098.89 1280.23 2440.87 8507.73 7125.21 1791.03 9728.09 4439.89 1797.23 6499.07 5551.31 4798.70 1630.56 9933.60 3144.34 2706.88 5244.08 4730.71 5175.85 9287.11 1383.03 8233.94 4209.39 9549.22 6725.39 6373.53 6472.77 9419.31 6134.39 10115.22 9808.62 5579.78 6947.24 7708.27 1860.83 4016.56 8990.53 4313.63 2931.57 3601.89 9183.03 9250.01 2008.97 3289.73 9501.96 5777.33 1335.36 7568.76 353.41 4585.32 6217.05 8617.76 8201.30 4249.13 5493.10 2407.80 2606.13 5334.22 5649.06 5426.44 5870.19 270.01 4132.96 4392.63 8429.80 860.61 4917.39 
8992.15 0.00 4601.13 2426.68 7023.15 964.63 4732.76 4199.55 5063.25 7239.29 6656.84 3315.22 4923.43 5285.61 3823.48 4251.21 5379.74 2243.29 4929.51 4978.21 6777.92 1524.74 6651.26 1142.66 7530.37 9068.84 5790.85 6021.73 5822.47 5920.40 5426.13 6424.62 6472.93 4323.35 6244.42 5745.08 2046.22 5243.63 6254.16 2079.75 1893.99 7901.99 1793.26 8189.16 8116.18 4673.54 774.55 7269.42 10332.56 8157.53 2385.69 1513.62 1346.30 2603.44 8453.72 6770.14 4685.64 8772.69 8768.50 1059.68 4978.09 7475.63 2795.13 7277.68 5798.71 7393.73 954.04 6806.21 6308.55 5396.95 6907.03 8469.39 554.03 9872.22 799.14 4793.21 1049.45 6030.74 6377.67 5240.38 3191.51 7042.40 1131.96 1739.02 3509.49 3186.58 4620.61 7237.70 6931.31 210.75 7167.77 6576.88 7533.29 1993.41 510.83 7466.02 7879.18 2383.89 3296.88 7713.58 6874.39 8686.95 4500.68 4048.56 4682.69 5075.86 4838.38 5292.19 8644.01 6393.64 3729.81 4893.24 5959.01 7462.23 9262.15 5028.09 6485.78 1803.04 9079.88 4074.76 
4391.97 4601.13 0.00 4378.31 4523.48 3758.72 3331.66 4695.00 1703.09 5052.42 5865.69 3648.84 2536.91 2548.55 2899.46 4942.10 1640.25 3188.88 3351.07 4405.81 4586.56 6112.64 5409.77 3896.75 6012.20 4489.92 3260.11 1553.77 5267.59 5390.53 5229.29 4917.26 4264.95 2520.68 4477.15 2724.92 4666.27 5041.97 2478.04 3585.25 3378.79 4826.33 2883.12 4095.44 6277.21 274.88 3845.35 2772.29 5736.66 4201.95 2669.59 3096.81 5284.67 2947.44 3923.45 2312.46 5303.52 6648.58 4331.54 5373.19 1343.75 2937.81 2316.56 4692.69 2763.84 2810.12 5545.47 2781.55 1716.54 2909.92 3875.35 5400.25 4913.37 5340.60 3851.17 338.60 5206.98 4484.83 4456.07 3890.26 5530.45 4758.93 5723.25 5541.68 1352.41 3029.07 4598.41 2688.45 3336.27 4598.87 3737.45 2266.55 3710.37 5014.67 4874.74 2988.73 3909.40 5392.63 1452.32 3133.23 5738.14 4091.59 604.07 2809.84 5284.82 5234.06 745.96 3050.58 4353.63 1793.69 1107.12 2860.04 3558.68 5025.90 4661.98 1000.32 3256.61 4186.82 4533.77 530.62 
8480.02 2426.68 4378.31 0.00 8128.64 1846.13 2813.56 1794.77 5571.17 8491.68 4285.48 5020.35 5853.60 3783.59 2122.31 6250.11 4356.75 1232.10 6203.98 6644.42 4743.49 3441.91 4361.40 3094.18 9061.74 8686.85 6781.37 5929.71 3458.08 7692.82 7265.97 7891.10 7664.77 5377.63 7596.33 6508.65 4304.51 2861.75 5028.67 876.92 3538.84 8782.29 2819.97 8452.22 9553.26 4576.35 2427.05 7117.42 9829.10 8525.35 3556.39 2493.74 3771.92 1431.15 7642.04 6681.25 6707.85 10121.31 7786.42 3433.55 4050.72 6746.69 3785.34 8360.40 4290.10 7049.76 3015.19 7094.57 5825.41 6358.55 7759.66 9374.03 2972.69 9605.17 2524.50 4685.17 3466.29 3881.60 4302.10 6650.14 5515.12 5009.95 2887.22 4163.99 3931.44 1560.24 6433.62 6993.14 5486.70 2228.16 5602.80 5665.52 6142.04 4349.00 2932.26 6637.15 6545.85 4770.16 2955.33 7369.04 8506.73 8235.34 3978.01 5279.35 2256.01 6996.07 4937.50 6345.36 7503.46 5954.47 4034.13 5971.51 7023.77 8620.75 8741.16 5193.83 7213.49 639.30 8794.37 3974.00 
5592.39 7023.15 4523.48 8128.64 0.00 6678.63 7835.82 8988.58 2830.42 608.05 10388.41 3855.60 2277.94 7040.28 7275.55 3860.69 5996.82 6926.26 2101.06 2582.09 9024.42 8123.07 9928.66 5890.15 1807.55 5255.72 1355.49 3766.00 9770.79 2578.26 2930.19 1356.09 591.25 2774.38 1077.72 1798.84 5605.04 9497.82 6581.00 7252.21 5129.40 1118.15 5471.53 2971.22 1823.81 4248.99 6347.84 3924.32 6366.78 2652.10 4733.23 5831.21 6782.69 6863.51 6200.40 3697.94 3807.55 2125.25 6851.72 7159.95 5810.25 5587.45 4402.73 258.52 7166.24 4491.91 7691.35 2629.01 4732.83 1776.10 882.07 1549.73 6969.89 5398.43 6282.84 4211.91 6933.43 9003.33 8944.31 1919.77 5498.52 9165.27 8016.13 6776.85 4250.09 7202.25 3146.76 4180.53 7362.05 7152.95 7795.76 5853.77 7459.58 5964.72 6956.80 5861.25 7448.73 6045.93 5442.21 4577.49 2010.42 5265.52 5126.98 2980.68 9607.15 3317.82 3779.23 1788.42 7256.34 4622.45 4216.64 2176.51 1105.63 507.90 5762.52 3539.29 1415.35 7682.08 4983.66 4589.49 
8143.55 964.63 3758.72 1846.13 6678.63 0.00 3813.15 3492.97 4442.58 6967.23 5875.93 3253.18 4467.74 4322.34 2890.83 4421.51 4430.85 1321.08 4639.53 4914.92 5858.33 2462.29 5814.73 1249.58 7407.95 8247.90 5378.20 5238.44 5043.66 5934.58 5483.05 6257.31 6163.44 3910.11 6013.36 5235.27 2479.21 4489.08 5296.33 1245.41 1743.30 7467.05 1209.85 7532.71 7945.67 3861.84 588.84 6487.30 9492.65 7534.46 1947.35 852.07 2172.81 1663.85 7549.76 5998.14 4877.23 8559.95 7842.74 1988.86 4033.79 6578.45 2288.08 6925.22 4834.67 6568.18 1897.36 6142.57 5443.07 4964.72 6450.30 8049.39 1462.78 9082.30 685.04 3981.90 1927.07 5145.49 5469.86 5028.07 3698.26 6120.79 2002.81 2555.14 2806.08 2267.78 4652.22 6433.01 5967.16 885.44 6203.42 5648.10 6571.11 2568.15 1416.59 6553.90 6919.99 3007.36 2388.88 6890.82 6806.49 7848.74 3599.44 3716.49 4035.39 5189.00 4082.14 4899.70 7700.63 5537.65 2997.75 4504.81 5582.67 7146.76 8413.33 4295.57 5973.23 1221.74 8280.82 3244.64 
6372.97 4732.76 3331.66 2813.56 7835.82 3813.15 0.00 1819.16 5005.57 8342.07 2586.75 5948.30 5708.58 1257.82 934.35 7343.57 2287.20 2494.39 6390.55 7240.48 2045.98 6067.68 2249.18 4827.74 9221.16 6689.33 6531.83 4582.98 1936.68 8306.31 8017.84 8076.14 7531.97 5486.18 7670.05 6039.50 6042.41 1755.29 2572.34 2679.46 4841.85 8150.21 3981.06 7145.84 9548.37 3605.52 4315.15 5507.32 7655.57 7328.10 4421.45 3862.55 5982.54 2153.97 5319.22 5202.97 7782.42 9959.33 5313.69 5788.03 2222.68 4576.08 4368.87 8014.70 1655.68 5241.20 5558.70 5979.66 4049.29 6148.36 7207.01 8717.74 5265.81 7660.21 4390.78 3661.04 5739.45 1405.97 1662.64 6924.85 7219.47 2309.79 5525.78 6359.23 3849.03 1547.25 7249.51 5298.51 2798.43 4589.63 2840.75 3442.96 3456.15 6241.01 5219.79 4380.17 3879.43 6689.61 2629.80 5523.21 8850.18 6203.21 2730.96 5611.62 2245.97 7890.76 4075.66 6245.03 4926.17 4204.38 3770.12 5973.03 6824.60 8341.57 6609.25 4331.88 6587.86 3165.13 6883.29 3263.30 
8167.27 4199.55 4695.00 1794.77 8988.58 3492.97 1819.16 0.00 6222.01 9432.14 2496.51 6394.80 6741.18 3068.72 1801.12 7721.17 4014.22 2372.23 7269.75 7913.07 3280.37 5215.39 2635.13 4720.78 10164.49 8464.92 7638.71 6128.13 1678.25 8987.24 8613.92 8990.15 8600.86 6379.63 8635.85 7241.03 5967.14 1074.30 4389.57 2267.12 5016.40 9465.46 4190.41 8722.47 10580.70 4949.77 4079.62 7166.58 9463.34 8866.52 4839.74 3933.81 5545.12 2252.06 7135.73 6811.82 8179.16 11074.74 7130.32 5223.37 3857.33 6370.76 4947.63 9195.63 3471.77 6957.68 4807.02 7465.04 5735.48 7226.31 8472.02 10050.71 4751.08 9429.84 4174.00 5033.02 5246.55 2342.97 2822.33 7769.39 7187.58 3532.84 4662.64 5938.05 4761.20 1793.78 7794.32 6981.68 4583.30 4007.60 4570.26 5236.40 5233.05 6057.78 4709.26 6186.84 5660.77 6492.18 3546.37 7253.42 9690.03 7982.99 4145.65 6388.73 623.67 8399.69 5393.43 7270.08 6728.84 5885.58 4772.98 6938.25 7912.97 9495.19 8408.44 5661.06 7874.72 2397.16 8641.22 4457.94 
4501.41 5063.25 1703.09 5571.17 2830.42 4442.58 5005.57 6222.01 0.00 3350.02 7560.78 2871.94 976.11 4245.28 4471.88 3874.05 3261.55 4339.46 1863.13 3023.95 6267.59 6446.73 7112.47 4073.18 4323.74 4407.44 1560.19 1552.46 6941.01 3889.26 3831.44 3260.83 2563.63 1296.78 2806.41 1035.11 4393.11 6678.45 3973.74 4705.81 3355.38 3251.47 3287.64 3128.10 4574.20 1431.31 4297.64 2549.78 5711.18 3098.81 2705.77 3616.34 5328.52 4205.76 4517.47 2060.57 4141.28 4954.84 5079.27 5561.41 3024.03 3630.97 2281.71 3011.46 4422.54 2916.32 5918.95 1756.53 2443.08 1235.59 2250.06 3841.01 5206.23 5039.97 4264.30 1410.16 5355.39 6187.69 6154.01 2363.37 4920.44 6428.22 6177.83 5480.33 1665.31 4460.92 3359.13 2647.55 4812.15 5131.00 5237.82 3447.99 5053.22 4780.92 5178.04 3814.59 5151.21 5058.79 2700.97 3175.39 4098.30 4152.23 2303.27 1721.64 6832.94 3938.74 971.47 1413.89 5293.15 2401.82 1537.17 1339.36 1859.48 3336.01 4753.11 771.58 1661.15 5224.89 4313.03 1774.14 
6171.38 7239.29 5052.42 8491.68 608.05 6967.23 8342.07 9432.14 3350.02 0.00 10907.82 3983.24 2691.04 7585.61 7747.82 3769.24 6559.07 7308.44 2328.79 2525.53 9585.17 8255.60 10462.19 6097.68 1211.22 5821.64 1811.77 4361.66 10272.59 2272.82 2701.55 1069.63 832.81 3114.19 1019.07 2336.01 5690.56 9980.24 7165.09 7618.71 5350.90 1462.29 5771.60 3507.14 1237.37 4779.46 6597.62 4529.41 6902.90 3172.50 5022.13 6130.17 6888.56 7270.00 6803.41 4305.94 3645.07 1643.24 7455.72 7290.41 6357.71 6195.50 4723.68 625.62 7728.64 5097.98 7852.65 3236.40 5332.39 2210.69 1487.14 1710.51 7141.44 5917.52 6526.59 4749.84 7063.70 9537.23 9492.97 2012.37 5452.00 9731.52 8188.25 6848.14 4673.25 7639.83 3072.98 4787.08 7953.57 7381.73 8387.25 6451.95 8060.89 6032.70 7132.05 6469.15 8054.12 6069.16 5891.92 5179.11 1521.90 5848.88 5653.29 3251.30 10053.59 3124.49 4313.25 2166.16 7863.62 5224.15 4663.79 2523.11 1524.57 395.59 6334.53 4082.48 2017.86 8017.78 5539.41 5082.30 
8118.47 6656.84 5865.69 4285.48 10388.41 5875.93 2586.75 2496.51 7560.78 10907.82 0.00 8448.68 8291.49 3425.77 3359.69 9831.05 4552.76 4622.35 8976.56 9806.49 2004.98 7711.57 662.71 7050.78 11805.30 8522.40 9101.50 6959.79 834.59 10876.92 10571.69 10662.52 10104.52 8071.66 10254.37 8589.58 8301.68 1423.89 4400.11 4630.91 7217.40 10635.61 6355.15 9420.95 12121.67 6140.47 6447.05 7700.55 9248.89 9646.23 6892.75 6164.35 7994.88 4380.78 6896.40 7484.81 10279.21 12513.66 6661.17 7696.74 4630.38 6412.19 6891.82 10557.95 3491.40 7325.90 7300.56 8376.30 6256.97 8724.55 9724.61 11188.45 7210.79 9488.91 6536.54 6183.39 7706.27 1457.32 1745.25 9509.91 9515.14 2113.77 7159.07 8387.10 6430.65 3775.11 9787.84 7454.54 4106.31 6472.52 3859.29 5375.33 4607.17 8435.64 7167.63 6143.96 5002.88 8879.22 5199.11 7560.27 11436.48 8035.10 5261.78 8187.11 2195.68 10422.67 6611.18 8827.21 6113.10 6413.12 6356.61 8559.31 9396.38 10891.48 8312.31 6858.29 9101.72 4867.07 8782.15 5841.40 
7372.44 3315.22 3648.84 5020.35 3855.60 3253.18 5948.30 6394.80 2871.94 3983.24 8448.68 0.00 2189.37 5766.02 5093.05 1397.81 5184.26 4031.49 1786.28 1674.36 7761.56 4276.05 8193.13 2181.31 4216.29 7274.04 2817.08 4360.59 7670.87 2681.97 2246.06 3114.35 3274.49 1616.93 2969.27 3033.24 1763.23 7217.87 6087.58 4222.55 1511.63 4855.17 2221.58 5717.40 4802.83 3511.04 2770.29 5421.31 8575.60 5574.52 1564.81 2528.06 2927.16 4155.38 7301.38 4931.73 1834.44 5468.92 7813.20 3311.02 4801.29 6359.57 1586.57 4114.11 6146.09 5774.53 3870.91 4481.95 5102.99 2515.77 3949.82 5379.34 3165.51 7861.02 2684.68 3589.30 3084.20 7342.86 7497.16 1971.50 2049.22 7985.15 4210.04 2938.32 2366.04 4708.87 1414.34 5515.21 6936.39 3479.11 7312.34 5894.34 7353.03 2138.30 3158.62 6489.41 7557.94 2302.18 3368.56 6043.21 3574.85 7023.85 4004.27 1186.23 7001.31 2004.90 3321.71 2325.17 7931.72 5107.11 2576.13 1974.89 2894.42 4246.73 7624.94 3336.45 3698.86 4441.32 7163.28 3252.15 
5319.31 4923.43 2536.91 5853.60 2277.94 4467.74 5708.58 6741.18 976.11 2691.04 8291.49 2189.37 0.00 5074.20 5070.33 2986.36 4157.52 4648.39 887.34 2054.01 7120.90 6178.31 7884.09 3834.10 3514.22 5167.70 928.03 2499.87 7624.69 2918.95 2856.60 2388.13 1859.82 620.63 1964.17 862.40 3878.50 7308.24 4915.31 4976.79 3070.45 3000.09 3259.17 3531.29 3857.05 2284.20 4199.29 3360.26 6456.79 3403.86 2553.09 3615.67 4940.30 4589.30 5444.91 2906.63 3214.48 4333.99 6023.93 5243.11 3880.65 4584.48 2180.31 2506.88 5299.36 3791.34 5690.72 2307.30 3415.87 505.44 1988.84 3581.67 4962.60 5696.68 4145.93 2292.72 5023.77 6965.34 6974.00 1392.87 4206.95 7295.71 5986.65 5028.62 1983.00 4948.80 2420.70 3502.03 5761.88 5028.12 6183.63 4421.96 6022.35 4267.07 4941.70 4778.89 6126.34 4479.51 3203.82 4022.27 3201.73 4966.19 3106.55 1013.41 7362.81 2978.36 1869.54 537.28 6258.21 3369.04 1977.38 363.97 1178.68 2776.28 5558.99 1719.55 1581.97 5420.51 5026.80 2452.61 
5116.31 5285.61 2548.55 3783.59 7040.28 4322.34 1257.82 3068.72 4245.28 7585.61 3425.77 5766.02 5074.20 0.00 1661.63 7151.86 1131.71 3103.48 5852.93 6832.86 2054.92 6737.81 2905.64 5108.94 8560.75 5438.93 5805.21 3534.26 2968.55 7861.76 7644.13 7460.63 6808.85 4978.46 7024.24 5250.12 6225.49 2935.83 1324.21 3403.19 4930.44 7222.64 4128.55 6027.58 8816.06 2815.74 4722.12 4339.99 6398.20 6237.44 4369.63 4119.27 6404.56 2727.63 4067.56 4082.01 7562.30 9159.54 4092.04 6298.24 1230.36 3320.01 4198.33 7193.79 520.73 4031.28 6191.50 4950.66 2878.54 5458.43 6335.02 7769.30 5773.50 6411.62 4779.14 2837.04 6208.00 1986.18 1908.73 6395.26 7321.81 2249.95 6224.36 6753.87 3453.80 2270.85 6937.82 4114.01 1710.52 5181.02 1888.68 2188.58 2360.77 6486.46 5727.66 3122.43 2762.27 6924.55 2436.63 4301.80 8274.35 4951.46 1967.75 5191.75 3501.45 7585.19 3275.16 5595.08 3746.37 3035.53 3301.36 5382.91 6104.30 7536.11 5351.69 3503.47 5711.72 3986.61 5641.19 2670.08 
6525.53 3823.48 2899.46 2122.31 7275.55 2890.83 934.35 1801.12 4471.88 7747.82 3359.69 5093.05 5070.33 1661.63 0.00 6480.81 2339.98 1580.20 5683.44 6459.14 2970.57 5198.31 3115.77 3893.93 8556.06 6784.27 5939.43 4330.21 2607.49 7533.03 7215.83 7393.47 6923.19 4778.32 7009.58 5501.91 5112.22 2239.76 2921.68 1808.52 3928.14 7696.99 3064.07 6924.70 8927.36 3158.44 3383.22 5394.25 7854.35 7065.70 3544.83 2932.38 5055.40 1227.23 5595.29 5023.64 6926.01 9383.60 5694.56 4873.65 2113.49 4748.11 3532.14 7471.95 2171.48 5220.58 4674.70 5664.35 3987.40 5537.57 6716.11 8278.50 4349.38 7735.19 3457.90 3237.98 4817.84 2324.19 2596.54 6206.35 6294.98 3231.58 4665.46 5429.93 3129.41 648.98 6428.51 5222.14 3368.18 3689.15 3505.88 3631.45 4021.57 5307.23 4303.24 4604.63 4423.72 5755.90 1882.48 5525.91 8138.72 6312.55 2344.57 4856.41 2385.38 7062.98 3609.79 5606.47 5388.73 4132.90 3094.84 5302.59 6223.26 7783.44 6777.76 3876.51 6110.23 2353.09 6934.73 2697.87 
8304.65 4251.21 4942.10 6250.11 3860.69 4421.51 7343.57 7721.17 3874.05 3769.24 9831.05 1397.81 2986.36 7151.86 6480.81 0.00 6524.64 5349.00 2223.93 1279.87 9156.25 4840.86 9586.42 3216.83 3587.20 8139.57 3251.20 5424.29 9045.51 1798.31 1262.53 2723.91 3282.45 2587.72 2801.07 3688.99 2280.04 8578.53 7410.89 5500.94 2720.43 4967.52 3531.17 6298.15 4252.76 4773.39 3874.25 6346.51 9417.46 6086.40 2938.31 3798.44 3450.01 5503.84 8390.93 5890.21 459.05 4978.88 8943.31 3916.91 6153.36 7489.08 2984.30 4102.47 7519.86 6770.29 4565.67 5238.66 6260.36 3109.09 4250.85 5398.42 3949.05 8609.14 3779.34 4837.24 3704.44 8739.73 8894.64 2036.50 1698.28 9378.01 4926.17 3298.31 3721.59 6075.13 714.97 6485.48 8265.98 4444.29 8652.91 7139.58 8650.51 2522.23 3957.21 7650.75 8829.23 2423.58 4765.27 7007.52 2851.82 7951.38 5346.36 2193.01 8317.47 848.59 4514.88 2866.01 9118.32 6242.28 3913.11 2657.96 3195.55 4117.26 8542.36 4476.45 4201.21 5640.71 7979.62 4588.91 
4186.54 5379.74 1640.25 4356.75 5996.82 4430.85 2287.20 4014.22 3261.55 6559.07 4552.76 5184.26 4157.52 1131.71 2339.98 6524.64 0.00 3413.41 4988.01 6044.12 3027.60 6892.99 4014.79 4962.28 7581.64 4458.02 4812.94 2409.08 4094.94 7030.12 6866.96 6518.19 5807.12 4159.82 6067.29 4227.61 5943.12 4026.01 930.13 3779.53 4620.74 6120.42 3925.37 4898.99 7795.31 1876.08 4711.51 3226.78 5514.72 5105.97 3969.64 4015.12 6332.89 3060.20 3285.29 2952.39 6904.28 8103.70 3464.53 6312.55 415.93 2409.52 3704.66 6136.69 1169.67 2956.67 6326.47 3825.43 1765.21 4495.18 5258.91 6658.95 5804.42 5418.35 4748.16 1865.76 6186.27 3104.58 2970.64 5525.44 6936.86 3173.70 6422.63 6646.03 2818.59 2799.61 6220.15 3012.33 1756.15 5316.24 2129.08 1308.77 2241.01 6251.10 5760.58 2281.42 2534.43 6666.70 2150.34 3244.47 7349.39 3980.95 1180.20 4435.31 4510.11 6860.30 2297.58 4656.14 3272.66 1921.28 2612.94 4490.59 5111.96 6484.66 4437.92 2495.21 4637.85 4405.36 4627.17 1936.13 
7410.82 2243.29 3188.88 1232.10 6926.26 1321.08 2494.39 2372.23 4339.46 7308.44 4622.35 4031.49 4648.39 3103.48 1580.20 5349.00 3413.41 0.00 5050.08 5588.40 4540.32 3641.70 4518.37 2429.72 7932.54 7584.04 5574.29 4742.40 3799.05 6655.81 6263.49 6756.95 6477.90 4197.78 6439.46 5283.44 3679.56 3277.21 4201.38 397.39 2647.90 7556.70 1818.84 7237.47 8398.13 3371.90 1850.77 5951.91 8766.29 7302.50 2490.74 1568.04 3493.68 375.86 6663.99 5500.88 5807.10 8945.36 6877.72 3294.98 3056.07 5729.21 2651.64 7153.98 3623.63 5923.98 3106.04 5872.61 4719.46 5151.78 6535.16 8148.61 2771.82 8480.45 1934.40 3483.88 3245.47 3826.97 4149.04 5519.22 4893.09 4803.66 3121.90 3874.60 2705.74 947.46 5438.35 5844.71 4794.37 2111.13 4991.57 4701.34 5424.21 3826.27 2725.76 5654.57 5798.43 4273.24 1744.83 6246.48 7411.12 7147.40 2842.15 4136.44 2971.50 6035.40 3716.82 5150.55 6664.21 4838.90 2802.66 4785.34 5823.86 7422.55 7676.44 3970.24 5984.22 1019.09 7669.07 2759.79 
6117.24 4929.51 3351.07 6203.98 2101.06 4639.53 6390.55 7269.75 1863.13 2328.79 8976.56 1786.28 887.34 5852.93 5683.44 2223.93 4988.01 5050.08 0.00 1174.36 7907.25 6028.84 8603.59 3792.75 2895.18 5930.27 1068.99 3379.52 8276.06 2048.47 1969.57 1720.44 1543.46 906.14 1392.36 1466.88 3549.44 7919.20 5774.05 5338.51 3035.93 3069.63 3448.53 4093.89 3350.27 3113.15 4272.09 4171.66 7200.22 3904.18 2696.94 3805.95 4704.12 5051.12 6308.36 3741.55 2391.08 3928.44 6896.44 5067.89 4688.00 5462.98 2419.26 2358.23 6110.63 4632.07 5591.00 3019.49 4302.84 886.07 2175.68 3600.91 4868.93 6385.23 4202.84 3134.96 4841.88 7694.12 7735.27 542.34 3637.46 8092.50 5915.07 4724.59 2555.10 5481.48 1591.76 4334.46 6625.33 5064.96 7043.48 5305.92 6901.37 3922.37 4855.74 5662.36 7011.31 4055.56 3801.33 4846.23 2460.21 5763.98 3892.49 928.58 7893.33 2109.12 2726.06 642.11 7141.56 4254.31 2620.88 523.78 1109.60 2532.92 6347.89 2595.58 2005.98 5708.25 5760.79 3189.96 
7262.03 4978.21 4405.81 6644.42 2582.09 4914.92 7240.48 7913.07 3023.95 2525.53 9806.49 1674.36 2054.01 6832.86 6459.14 1279.87 6044.12 5588.40 1174.36 0.00 8883.41 5824.67 9482.81 3851.79 2558.02 7053.88 2067.66 4552.24 9066.38 1076.62 824.22 1525.96 2002.58 1885.40 1532.08 2591.09 3228.25 8660.07 6867.46 5818.46 3180.65 3687.65 3824.74 5094.20 3172.77 4188.22 4443.86 5328.30 8306.54 4861.60 3101.93 4154.95 4435.93 5661.31 7481.88 4908.58 1298.51 3867.89 8070.80 4866.27 5716.48 6636.36 2967.21 2825.89 7132.31 5799.82 5469.87 4135.95 5467.02 2019.47 2994.03 4123.73 4788.11 7454.47 4358.80 4224.66 4642.13 8592.25 8677.34 808.84 2931.74 9082.72 5819.86 4359.07 3409.39 6164.30 565.02 5499.54 7723.98 5147.37 8134.81 6449.29 8030.04 3547.03 4785.99 6832.90 8156.11 3551.93 4611.22 6006.93 1900.59 6909.47 4906.04 1643.86 8530.51 940.60 3837.56 1770.91 8312.22 5422.72 3535.18 1690.91 1964.52 2857.20 7486.82 3732.60 3005.81 6084.66 6866.14 4167.94 
6158.93 6777.92 4586.56 4743.49 9024.42 5858.33 2045.98 3280.37 6267.59 9585.17 2004.98 7761.56 7120.90 2054.92 2970.57 9156.25 3027.60 4540.32 7907.25 8883.41 0.00 8091.21 1342.76 6843.56 10590.95 6580.90 7826.25 5375.89 2084.48 9915.88 9691.81 9503.82 8825.56 7033.20 9062.36 7251.41 8036.34 2481.00 2600.66 4716.14 6793.04 9114.26 5947.55 7680.99 10820.67 4847.73 6352.63 5935.35 7256.41 7938.43 6301.23 5864.47 8025.75 4196.74 4916.83 5791.79 9576.77 11129.62 4658.92 7833.83 3246.00 4506.85 6178.37 9163.06 1858.47 5504.94 7592.63 6772.18 4550.76 7492.18 8279.56 9635.74 7311.78 7537.78 6425.89 4858.14 7785.02 946.80 458.05 8449.55 9189.07 267.36 7544.29 8400.45 5490.59 3593.23 8973.70 5671.56 2146.50 6632.43 1862.63 3550.77 2607.36 8254.16 7265.77 4221.92 2998.53 8701.50 4394.93 5709.66 10322.52 6098.80 4017.82 7240.66 3363.58 9621.24 5296.46 7637.14 4108.15 4700.76 5348.85 7434.27 8125.68 9511.77 6342.03 5510.48 7660.44 5167.72 6857.63 4724.61 
10498.88 1524.74 6112.64 3441.91 8123.07 2462.29 6067.68 5215.39 6446.73 8255.60 7711.57 4276.05 6178.31 6737.81 5198.31 4840.86 6892.99 3641.70 6028.84 5824.67 8091.21 0.00 7802.77 2374.55 8361.99 10561.73 6985.16 7501.69 6891.30 6625.90 6096.82 7339.79 7547.05 5560.13 7238.31 7028.88 2599.52 6289.47 7755.92 3393.00 3117.54 9082.13 3258.56 9570.44 8995.23 6173.14 2267.32 8744.14 11833.95 9511.31 3741.38 3015.96 1395.47 4015.85 9977.75 8240.63 5211.84 9691.90 10292.48 965.25 6494.67 8998.87 4166.75 8381.40 7256.04 8891.75 570.73 8202.55 7824.56 6618.87 8122.77 9627.13 1241.35 11345.55 2265.48 6292.13 1192.04 7280.89 7668.88 6246.38 3359.89 8358.30 554.78 1575.11 4968.96 4549.63 5369.45 8725.30 8409.32 1577.31 8626.23 8100.06 9022.65 2318.76 1271.64 8990.73 9377.50 2486.47 4821.54 9209.62 7653.89 10189.17 6025.17 5225.08 5589.81 5688.53 6310.38 6479.85 10161.63 7906.31 5200.29 6088.80 7114.10 8522.63 10768.73 6485.33 7759.92 2931.05 10560.28 5583.94 
7472.65 6651.26 5409.77 4361.40 9928.66 5814.73 2249.18 2635.13 7112.47 10462.19 662.71 8193.13 7884.09 2905.64 3115.77 9586.42 4014.79 4518.37 8603.59 9482.81 1342.76 7802.77 0.00 6939.69 11395.71 7882.46 8665.33 6422.69 1023.57 10544.98 10264.52 10267.58 9670.42 7703.80 9847.80 8132.25 8181.25 1600.57 3791.06 4583.70 7037.12 10127.61 6171.78 8843.71 11685.40 5682.98 6367.12 7112.76 8592.25 9079.15 6656.07 6013.63 7970.25 4237.27 6243.75 6917.70 10027.57 12051.91 6000.54 7705.55 4130.91 5781.35 6616.64 10089.01 2911.20 6721.01 7358.77 7837.98 5682.02 8300.11 9238.15 10671.67 7203.57 8846.28 6452.20 5716.78 7695.55 925.34 1111.18 9141.93 9381.78 1454.72 7247.99 8359.25 6081.04 3614.89 9498.58 6861.02 3456.97 6478.18 3200.17 4764.48 3947.29 8343.58 7159.08 5507.98 4341.16 8791.08 4875.72 6947.04 11057.72 7396.52 4809.62 7848.43 2482.98 10139.94 6150.78 8416.21 5450.67 5837.03 5985.72 8167.19 8962.63 10428.01 7663.10 6389.73 8614.69 4898.92 8147.67 5432.75 
8228.33 1142.66 3896.75 3094.18 5890.15 1249.58 4827.74 4720.78 4073.18 6097.68 7050.78 2181.31 3834.10 5108.94 3893.93 3216.83 4962.28 2429.72 3792.75 3851.79 6843.56 2374.55 6939.69 0.00 6397.38 8257.21 4678.68 5187.38 6224.83 4819.58 4340.06 5284.64 5335.52 3223.15 5101.79 4673.72 1252.11 5689.02 5881.10 2454.62 767.19 6789.16 1041.68 7195.89 6977.21 3913.27 669.28 6416.69 9544.59 7138.76 1370.32 990.85 1391.80 2704.82 7818.13 5909.75 3666.65 7630.82 8198.21 1507.72 4546.83 6832.20 1796.65 6145.66 5592.73 6604.47 1861.13 5829.50 5608.25 4294.02 5805.04 7350.80 1137.33 9010.08 571.96 4028.61 1321.13 6209.89 6487.44 4097.72 2470.89 7098.06 2152.88 1684.18 2651.05 3329.30 3521.01 6417.44 6637.99 1298.34 6929.64 6043.72 7190.87 1413.30 1112.55 6864.52 7496.68 1861.99 2812.16 6916.34 5751.54 7906.89 3931.75 2924.89 5276.19 4014.16 3992.93 4176.48 8148.09 5672.71 2894.42 3778.89 4835.64 6324.31 8496.75 4148.49 5410.28 2463.84 8235.28 3368.82 
7381.12 7530.37 6012.20 9061.74 1807.55 7407.95 9221.16 10164.49 4323.74 1211.22 11805.30 4216.29 3514.22 8560.75 8556.06 3587.20 7581.64 7932.54 2895.18 2558.02 10590.95 8361.99 11395.71 6397.38 0.00 7026.34 2768.94 5486.52 11130.92 1811.00 2343.36 1176.39 1788.86 3787.96 1551.13 3373.80 5762.66 10795.51 8243.22 8206.50 5700.09 2575.96 6261.00 4698.80 685.15 5746.19 6968.59 5730.04 8087.10 4356.17 5511.95 6608.68 6967.80 7944.58 8007.50 5487.13 3325.52 1422.46 8658.13 7409.88 7345.88 7378.23 5284.70 1830.13 8745.59 6295.88 8023.18 4430.20 6465.88 3102.47 2689.32 2648.46 7345.68 7089.58 6887.20 5732.81 7187.52 10475.20 10467.78 2414.01 5269.96 10751.60 8374.96 6859.61 5429.54 8374.92 2993.86 5983.50 9052.29 7695.39 9484.90 7577.15 9195.07 6059.27 7343.85 7645.59 9208.06 6005.78 6675.11 6385.02 749.58 7059.65 6600.10 3796.29 10788.12 2789.11 5294.52 2979.93 9055.47 6366.04 5466.36 3254.79 2470.34 1527.15 7541.76 5086.46 3181.87 8537.29 6738.84 5966.55 
501.23 9068.84 4489.92 8686.85 5255.72 8247.90 6689.33 8464.92 4407.44 5821.64 8522.40 7274.04 5167.70 5438.93 6784.27 8139.57 4458.02 7584.04 5930.27 7053.88 6580.90 10561.73 7882.46 8257.21 7026.34 0.00 5003.63 3069.93 8287.83 7580.09 7741.09 6491.88 5528.81 5668.37 6062.58 4468.18 8767.54 8353.83 4189.14 7979.13 7620.50 4533.87 7303.79 2353.55 6827.66 4395.98 8301.68 1866.50 1304.76 2713.60 6915.31 7555.65 9603.85 7286.10 1756.43 2372.02 8319.12 6707.77 2290.36 9763.26 4678.13 2133.55 6498.65 5197.56 5151.93 1679.81 10000.92 2917.95 2865.77 5047.60 4410.88 4748.03 9337.95 975.23 8297.37 4276.10 9577.42 7113.13 6777.54 6254.51 9323.13 6567.33 10197.72 9802.60 5607.38 7173.56 7520.86 1839.81 4434.49 9078.75 4749.95 3251.79 4052.39 9150.26 9302.38 2381.54 3756.83 9451.82 5910.62 1357.16 7250.60 490.58 4743.03 6102.14 8934.90 7988.48 4264.29 5295.94 2904.17 2745.53 5368.11 5482.63 5172.56 5505.55 535.75 4120.14 4122.27 8602.13 362.43 5004.69 
5237.34 5790.85 3260.11 6781.37 1355.49 5378.20 6531.83 7638.71 1560.19 1811.77 9101.50 2817.08 928.03 5805.21 5939.43 3251.20 4812.94 5574.29 1068.99 2067.66 7826.25 6985.16 8665.33 4678.68 2768.94 5003.63 0.00 2800.82 8461.25 2627.20 2739.38 1759.77 1005.16 1473.92 1289.79 641.81 4573.25 8169.67 5485.13 5904.52 3911.51 2111.34 4168.36 3046.98 3021.01 2990.07 5084.86 3345.01 6244.10 2842.20 3446.55 4526.71 5697.25 5508.12 5579.38 2978.18 3358.64 3444.20 6200.37 6034.24 4584.01 4818.37 3090.91 1579.72 5977.88 3858.92 6519.28 2093.69 3778.81 422.83 1140.53 2680.99 5791.29 5387.07 5026.55 2970.18 5810.64 7741.37 7713.90 1259.62 4706.43 7984.08 6828.06 5744.70 2894.68 5850.14 2575.39 3547.75 6305.45 5906.05 6736.28 4865.26 6487.06 4953.26 5773.63 5054.84 6536.11 5108.62 4093.21 4030.12 2607.33 4887.40 3856.45 1760.96 8258.41 2991.25 2531.47 505.32 6515.99 3697.36 2865.74 899.93 299.44 1858.84 5452.30 2318.00 950.01 6347.18 4804.68 3270.77 
3069.96 6021.73 1553.77 5929.71 3766.00 5238.44 4582.98 6128.13 1552.46 4361.66 6959.79 4360.59 2499.87 3534.26 4330.21 5424.29 2409.08 4742.40 3379.52 4552.24 5375.89 7501.69 6422.69 5187.38 5486.52 3069.93 2800.82 0.00 6469.70 5351.53 5344.98 4557.83 3704.88 2839.40 4086.34 2159.43 5736.23 6337.05 2840.56 5138.52 4556.40 3739.19 4243.50 2594.52 5589.81 1388.28 5250.14 1249.63 4361.55 2749.64 3847.94 4508.94 6536.40 4498.56 2966.85 764.13 5693.23 5810.76 3527.97 6693.79 2364.37 2084.62 3434.34 3865.11 3537.27 1440.74 6944.42 1416.58 981.57 2617.76 2951.60 4261.99 6273.00 3850.98 5241.22 1270.44 6507.49 5513.62 5364.83 3844.09 6392.18 5487.51 7153.32 6743.03 2538.57 4542.73 4908.66 1230.47 3598.50 6043.48 4032.02 2092.01 3708.57 6113.35 6238.13 2285.97 3737.48 6436.54 3002.28 1739.21 5404.56 2735.58 2001.77 3253.26 6691.71 5478.04 1194.66 2844.55 3763.97 897.13 2302.00 2861.68 3077.03 4221.92 3334.02 1063.12 2354.26 5737.11 3059.17 2014.11 
7914.93 5822.47 5267.59 3458.08 9770.79 5043.66 1936.68 1678.25 6941.01 10272.59 834.59 7670.87 7624.69 2968.55 2607.49 9045.51 4094.94 3799.05 8276.06 9066.38 2084.48 6891.30 1023.57 6224.83 11130.92 8287.83 8461.25 6469.70 0.00 10140.49 9819.35 9976.85 9458.84 7369.92 9580.50 7975.38 7476.48 606.10 4103.19 3798.35 6409.87 10080.89 5550.62 8993.93 11473.59 5541.70 5616.55 7307.00 9111.47 9196.84 6109.44 5349.44 7160.29 3569.44 6742.27 7047.23 9496.42 11893.42 6584.28 6863.31 4108.22 6155.83 6129.09 9950.96 3148.02 6978.63 6473.02 7879.05 5846.57 8073.22 9142.73 10645.27 6376.44 9262.14 5706.57 5595.63 6871.87 1230.39 1686.65 8803.76 8691.82 2278.38 6337.84 7552.51 5721.63 2973.83 9025.95 7076.64 3971.11 5638.58 3804.30 5065.74 4545.09 7605.55 6333.24 5910.81 4963.60 8048.42 4478.46 7235.15 10735.09 7797.32 4665.86 7461.89 1461.51 9655.98 6012.07 8161.91 6080.76 6003.60 5665.95 7877.03 8752.49 10276.92 8126.56 6267.54 8522.94 4034.28 8522.83 5190.51 
7843.19 5920.40 5390.53 7692.82 2578.26 5934.58 8306.31 8987.24 3889.26 2272.82 10876.92 2681.97 2918.95 7861.76 7533.03 1798.31 7030.12 6655.81 2048.47 1076.62 9915.88 6625.90 10544.98 4819.58 1811.00 7580.09 2627.20 5351.53 10140.49 0.00 537.41 1229.17 2115.09 2884.85 1555.39 3245.17 4039.87 9736.47 7822.52 6876.98 4191.67 3673.87 4877.39 5439.00 2490.49 5158.01 5438.84 5971.40 8779.68 5155.46 4165.91 5199.35 5231.24 6735.22 8201.90 5601.11 1514.52 3226.12 8816.51 5688.99 6719.76 7413.80 4043.05 2768.73 8141.13 6485.00 6324.17 4702.83 6304.72 2735.00 3249.62 3982.89 5676.14 7862.34 5350.03 5182.50 5471.52 9649.61 9722.33 1526.34 3463.54 10109.16 6681.88 5094.34 4465.05 7240.82 1300.03 6174.48 8673.57 6100.46 9091.95 7336.92 8941.04 4308.84 5679.37 7634.35 9038.17 4221.49 5678.95 6656.51 1063.97 7496.28 5915.92 2696.67 9603.87 979.06 4774.38 2507.75 9107.71 6243.05 4577.31 2563.23 2417.41 2663.12 8048.58 4637.90 3457.96 7121.45 7353.22 5191.73 
7975.28 5426.13 5229.29 7265.97 2930.19 5483.05 8017.84 8613.92 3831.44 2701.55 10571.69 2246.06 2856.60 7644.13 7215.83 1262.53 6866.96 6263.49 1969.57 824.22 9691.81 6096.82 10264.52 4340.06 2343.36 7741.09 2739.38 5344.98 9819.35 537.41 0.00 1632.74 2410.91 2709.30 1860.68 3316.69 3517.38 9396.12 7691.67 6466.38 3741.16 4044.86 4464.12 5680.75 3019.27 5012.42 4971.71 6064.41 8969.99 5418.16 3775.49 4774.12 4703.18 6364.13 8252.58 5663.89 986.90 3752.81 8851.20 5164.21 6536.72 7425.68 3693.81 3143.08 7950.59 6554.49 5804.10 4832.83 6272.39 2765.32 3512.21 4398.48 5165.07 8082.72 4880.96 5048.74 4948.24 9380.96 9477.81 1516.38 2927.62 9894.00 6162.89 4560.28 4207.21 6890.34 832.49 6249.39 8548.13 5610.16 8959.02 7266.54 8851.38 3778.54 5169.73 7629.80 8973.17 3684.82 5388.82 6747.51 1599.15 7624.61 5725.28 2452.52 9226.05 447.76 4660.04 2522.11 9108.64 6223.32 4343.32 2492.67 2576.54 3080.82 8191.60 4550.52 3635.49 6682.45 7533.80 4983.71 
6789.97 6424.62 4917.26 7891.10 1356.09 6257.31 8076.14 8990.15 3260.83 1069.63 10662.52 3114.35 2388.13 7460.63 7393.47 2723.91 6518.19 6756.95 1720.44 1525.96 9503.82 7339.79 10267.58 5284.64 1176.39 6491.88 1759.77 4557.83 9976.85 1229.17 1632.74 0.00 963.13 2618.10 471.73 2399.08 4748.53 9631.75 7226.54 7033.45 4568.19 2444.73 5097.94 4276.57 1693.89 4657.88 5834.98 4993.17 7652.58 3975.83 4346.82 5448.38 5955.39 6768.32 7264.23 4678.04 2578.33 2357.16 7899.36 6378.19 6259.33 6548.55 4110.69 1539.72 7672.20 5536.27 6968.75 3691.60 5537.32 2025.26 2093.59 2768.07 6274.02 6708.29 5756.40 4655.14 6152.87 9350.65 9361.94 1240.96 4417.75 9674.04 7314.10 5884.82 4264.42 7201.77 2045.67 5221.61 8054.80 6582.11 8484.13 6624.77 8246.43 5072.21 6268.93 6795.14 8294.68 5073.75 5511.21 5672.13 847.57 6450.50 5493.55 2620.52 9613.72 2055.19 4220.72 1866.69 8244.37 5453.15 4311.15 2103.23 1481.46 1448.70 6979.93 4032.12 2411.82 7373.09 6243.21 4834.94 
5828.25 6472.93 4264.95 7664.77 591.25 6163.44 7531.97 8600.86 2563.63 832.81 10104.52 3274.49 1859.82 6808.85 6923.19 3282.45 5807.12 6477.90 1543.46 2002.58 8825.56 7547.05 9670.42 5335.52 1788.86 5528.81 1005.16 3704.88 9458.84 2115.09 2410.91 963.13 0.00 2287.71 560.13 1586.66 5018.81 9158.06 6455.26 6790.84 4579.40 1685.08 4962.08 3329.57 2017.15 3994.46 5811.89 4050.40 6694.42 3040.73 4216.17 5321.44 6200.42 6437.35 6327.74 3757.87 3250.03 2475.84 6968.24 6582.94 5585.93 5641.78 3905.47 846.87 6974.25 4601.27 7122.65 2744.50 4685.91 1386.81 1139.47 2140.52 6403.78 5758.58 5743.97 3972.61 6356.23 8746.51 8717.59 1328.99 4910.32 8980.25 7450.87 6189.43 3841.08 6808.16 2567.57 4286.48 7263.46 6608.10 7696.04 5792.80 7412.57 5376.57 6391.84 5898.54 7435.77 5454.86 5062.68 4725.30 1759.06 5489.76 4861.61 2449.10 9222.60 2776.39 3534.05 1333.36 7332.17 4590.53 3835.04 1693.58 708.24 989.55 6017.08 3315.12 1463.93 7197.61 5281.61 4269.08 
5785.75 4323.35 2520.68 5377.63 2774.38 3910.11 5486.18 6379.63 1296.78 3114.19 8071.66 1616.93 620.63 4978.46 4778.32 2587.72 4159.82 4197.78 906.14 1885.40 7033.20 5560.13 7703.80 3223.15 3787.96 5668.37 1473.92 2839.40 7369.92 2884.85 2709.30 2618.10 2287.71 0.00 2257.22 1481.47 3267.76 7015.12 4984.03 4504.54 2457.48 3581.21 2700.84 4132.99 4210.04 2304.00 3611.44 3826.94 6967.21 4016.90 1973.07 3060.16 4320.05 4176.54 5806.06 3347.98 2880.75 4747.91 6355.60 4623.11 3838.35 4901.61 1628.49 3017.67 5258.14 4211.91 5076.36 2867.51 3679.18 1073.61 2584.22 4154.52 4347.92 6244.09 3554.08 2344.12 4403.48 6797.04 6848.96 1438.94 3659.95 7224.72 5375.98 4412.21 1649.30 4588.18 2122.67 3938.99 5841.29 4434.63 6250.45 4602.74 6162.59 3657.17 4327.80 5067.29 6306.60 3883.50 2895.94 4466.03 3366.01 5434.77 3031.87 433.94 7003.29 2738.77 1972.36 989.69 6539.17 3656.49 1718.33 598.27 1673.41 3254.17 6033.70 1901.22 2201.79 4912.61 5549.67 2308.66 
6349.13 6244.42 4477.15 7596.33 1077.72 6013.36 7670.05 8635.85 2806.41 1019.07 10254.37 2969.27 1964.17 7024.24 7009.58 2801.07 6067.29 6439.46 1392.36 1532.08 9062.36 7238.31 9847.80 5101.79 1551.13 6062.58 1289.79 4086.34 9580.50 1555.39 1860.68 471.73 560.13 2257.22 0.00 1927.98 4671.52 9249.33 6764.82 6730.62 4363.71 2195.87 4832.13 3885.82 1958.78 4214.63 5620.57 4533.57 7241.33 3600.07 4079.30 5187.73 5869.69 6431.47 6800.81 4210.99 2730.86 2546.68 7433.96 6273.25 5816.47 6078.59 3811.43 1307.38 7225.07 5072.97 6840.10 3235.89 5066.06 1572.28 1695.42 2598.26 6131.89 6312.60 5546.48 4207.69 6046.61 8928.34 8928.85 1004.43 4463.45 9229.00 7177.88 5829.97 3887.15 6843.39 2091.76 4758.52 7590.29 6392.08 8020.24 6155.03 7776.84 5014.53 6123.48 6324.17 7823.38 5057.78 5130.46 5214.36 1318.37 6007.25 5059.53 2318.77 9259.44 2240.65 3771.40 1432.12 7774.85 4981.51 3917.33 1707.02 1009.74 1327.16 6544.05 3576.42 1960.19 7097.78 5822.82 4416.78 
4671.25 5745.08 2724.92 6508.65 1798.84 5235.27 6039.50 7241.03 1035.11 2336.01 8589.58 3033.24 862.40 5250.12 5501.91 3688.99 4227.61 5283.44 1466.88 2591.09 7251.41 7028.88 8132.25 4673.72 3373.80 4468.18 641.81 2159.43 7975.38 3245.17 3316.69 2399.08 1586.66 1481.47 1927.98 0.00 4739.11 7712.86 4869.43 5634.69 3914.55 2273.64 4036.85 2686.36 3569.60 2450.61 5006.38 2747.76 5733.88 2544.91 3361.52 4386.79 5801.36 5179.06 4957.00 2357.16 3851.27 3924.09 5572.14 6098.77 4021.77 4181.13 2966.64 1976.36 5396.47 3244.25 6533.87 1553.29 3138.27 580.94 1251.90 2865.42 5806.88 4923.03 4958.45 2416.12 5880.53 7206.95 7157.09 1804.53 5022.44 7401.27 6823.15 5890.92 2577.78 5468.72 3053.73 2936.25 5681.82 5840.23 6113.75 4229.06 5850.98 5127.21 5784.61 4414.81 5895.65 5331.49 3703.86 3430.89 3246.33 4318.89 3328.24 1871.22 7854.87 3530.05 1981.55 828.15 5878.47 3055.72 2499.36 1073.13 920.85 2302.78 4895.85 1746.69 741.41 6119.34 4294.14 2805.95 
8805.09 2046.22 4666.27 4304.51 5605.04 2479.21 6042.41 5967.14 4393.11 5690.56 8301.68 1763.23 3878.50 6225.49 5112.22 2280.04 5943.12 3679.56 3549.44 3228.25 8036.34 2599.52 8181.25 1252.11 5762.66 8767.54 4573.25 5736.23 7476.48 4039.87 3517.38 4748.53 5018.81 3267.76 4671.52 4739.11 0.00 6940.96 6872.96 3703.48 1322.38 6617.60 2100.43 7399.73 6396.43 4617.56 1890.41 6901.23 10071.33 7282.32 2002.38 2179.96 1207.71 3943.98 8552.81 6395.79 2687.61 7096.11 8993.65 1650.35 5529.29 7575.20 2356.25 5863.16 6687.62 7176.97 2287.45 6104.49 6317.11 4252.66 5709.69 7137.31 1679.74 9432.80 1794.75 4721.50 1431.68 7435.03 7694.83 3697.06 1220.49 8286.29 2647.19 1175.23 3322.19 4566.91 2771.32 6950.70 7669.57 2252.14 7990.19 6908.88 8183.90 390.01 1692.10 7649.91 8458.09 728.21 3832.58 7471.05 5057.67 8466.92 4830.10 2868.37 6514.60 3126.45 4578.81 4075.69 9012.03 6355.75 3573.64 3709.36 4657.56 5976.74 9067.53 4673.27 5432.27 3666.63 8696.73 4167.04 
8006.66 5243.63 5041.97 2861.75 9497.82 4489.08 1755.29 1074.30 6678.45 9980.24 1423.89 7217.87 7308.24 2935.83 2239.76 8578.53 4026.01 3277.21 7919.20 8660.07 2481.00 6289.47 1600.57 5689.02 10795.51 8353.83 8169.67 6337.05 606.10 9736.47 9396.12 9631.75 9158.06 7015.12 9249.33 7712.86 6940.96 0.00 4171.34 3245.11 5912.61 9868.24 5061.34 8900.62 11165.14 5312.34 5068.04 7252.41 9244.74 9083.20 5653.08 4840.86 6585.39 3077.50 6879.33 6956.76 9032.72 11612.36 6777.11 6278.47 3977.97 6222.51 5702.66 9688.06 3208.01 6965.16 5876.72 7729.59 5791.22 7771.53 8907.37 10441.65 5797.10 9328.75 5159.76 5377.05 6292.86 1547.69 2041.63 8438.71 8159.61 2705.77 5736.49 6978.12 5367.33 2509.68 8591.84 7037.00 4162.71 5056.53 4053.97 5104.97 4774.21 7056.26 5754.40 5998.00 5200.82 7496.44 4120.72 7237.61 10370.81 7864.05 4450.49 7078.71 902.88 9214.33 5777.83 7844.80 6308.56 5947.23 5334.12 7542.33 8455.97 10005.51 8230.14 6039.66 8293.21 3448.15 8568.50 4908.78 
3835.40 6254.16 2478.04 5028.67 6581.00 5296.33 2572.34 4389.57 3973.74 7165.09 4400.11 6087.58 4915.31 1324.21 2921.68 7410.89 930.13 4201.38 5774.05 6867.46 2600.66 7755.92 3791.06 5881.10 8243.22 4189.14 5485.13 2840.56 4103.19 7822.52 7691.67 7226.54 6455.26 4984.03 6764.82 4869.43 6872.96 4171.34 0.00 4544.52 5550.60 6567.88 4847.33 5081.40 8400.78 2680.10 5607.20 3337.68 5091.23 5337.94 4899.06 4924.42 7244.65 3833.65 2746.89 3196.38 7779.39 8648.56 2777.84 7208.77 1343.87 2055.59 4628.47 6694.82 963.83 2929.98 7193.44 4203.07 1959.14 5204.61 5787.98 7071.54 6695.60 5164.30 5648.07 2643.97 7089.22 2956.64 2683.32 6302.81 7864.11 2678.36 7271.03 7563.47 3726.89 3476.99 7075.92 3078.04 858.39 6179.19 1269.45 975.23 1312.36 7179.47 6651.17 1827.26 1626.48 7596.19 3069.86 3160.19 8068.53 3698.63 2090.30 5287.22 4801.96 7709.92 3048.71 5387.11 2477.81 2105.88 3511.49 5262.80 5780.02 7049.93 4061.02 3204.14 5181.51 5157.26 4419.65 2835.72 
7802.55 2079.75 3585.25 876.92 7252.21 1245.41 2679.46 2267.12 4705.81 7618.71 4630.91 4222.55 4976.79 3403.19 1808.52 5500.94 3779.53 397.39 5338.51 5818.46 4716.14 3393.00 4583.70 2454.62 8206.50 7979.13 5904.52 5138.52 3798.35 6876.98 6466.38 7033.45 6790.84 4504.54 6730.62 5634.69 3703.48 3245.11 4544.52 0.00 2781.21 7908.20 2002.35 7626.99 8688.75 3765.88 1823.13 6349.19 9157.65 7687.79 2718.12 1704.05 3386.62 719.41 7042.14 5897.49 5959.99 9250.48 7243.38 3139.30 3431.40 6113.04 2923.19 7483.64 3923.73 6320.40 2879.23 6258.86 5114.02 5481.69 6885.15 8499.80 2627.33 8877.09 1915.42 3878.44 3115.75 3951.54 4306.75 5792.91 4923.86 4982.19 2857.35 3775.60 3058.80 1159.75 5636.24 6242.02 5107.01 1921.60 5284.26 5074.75 5745.18 3811.18 2582.19 6032.58 6127.42 4251.99 2138.97 6642.76 7664.95 7541.05 3238.18 4416.68 2834.86 6217.20 4104.80 5469.72 7015.43 5234.34 3168.95 5097.32 6147.52 7744.88 8067.73 4356.22 6342.60 629.77 8065.67 3151.48 
7619.93 1893.99 3378.79 3538.84 5129.40 1743.30 4841.85 5016.40 3355.38 5350.90 7217.40 1511.63 3070.45 4930.44 3928.14 2720.43 4620.74 2647.90 3035.93 3180.65 6793.04 3117.54 7037.12 767.19 5700.09 7620.50 3911.51 4556.40 6409.87 4191.67 3741.16 4568.19 4579.40 2457.48 4363.71 3914.55 1322.38 5912.61 5550.60 2781.21 0.00 6022.08 865.39 6464.96 6262.01 3353.93 1268.50 5764.70 8917.00 6396.56 716.18 1082.90 1987.20 2840.73 7291.23 5256.37 3179.42 6902.38 7710.11 2208.16 4206.96 6308.26 1122.15 5384.20 5382.21 5989.88 2620.41 5110.19 5060.35 3527.38 5038.24 6584.38 1892.64 8342.35 1188.30 3463.36 2000.12 6246.43 6472.44 3362.34 2398.70 7036.97 2918.91 2189.26 2058.50 3442.72 2909.65 5785.07 6349.04 2030.87 6673.59 5601.90 6861.54 1644.06 1871.28 6367.52 7137.20 2047.27 2517.79 6294.81 5078.33 7290.31 3512.53 2158.90 5605.22 3457.91 3370.85 3409.44 7708.20 5110.35 2310.18 3011.74 4070.02 5568.84 7886.21 3500.36 4649.05 2943.52 7579.72 2867.65 
